701 [0361]
653 [1809]
478 [1732]
395 [4602]
376 [2917]
361 [5122]
353 [0447]
332 [0574]
302 [8885]
292 [2612]
272 [2215]
266 [11242]
260 [6590]
252 [6875]
251 [1735]
239 [6091]
234 [5787]
231 [7781]
213 [3704]
212 [11708]
201 [10874]
196 [7308]
190 [8053]
190 [8766]
189 [6153]
189 [6938]
181 [3408]
181 [9741]
180 [6829]
179 [3967]
178 [11024]
177 [6376]
173 [5997 9031]
173 [8859]
172 [1727]
172 [8374]
165 [10929]
160 [9013]
158 [10457]
157 [3027]
156 [10130]
155 [4827]
153 [9804]
150 [2865]
148 [4321]
147 [11142]
142 [8957]
139 [1995]
138 [9352]
133 [4269]
132 [7474]
130 [4063]
130 [8396]
130 [9645]
129 [11602 5997]
124 [1946]
123 [0165]
122 [0944 5997]
122 [7772]
121 [1212]
118 [7122]
117 [0561]
117 [11602 6756]
117 [9775]
116 [0584]
115 [1804]
115 [2719]
114 [3993 9654]
111 [3319]
111 [8268]
109 [0944 6756]
109 [3580]
109 [5997 6756]
109 [6089]
109 [9479]
108 [5416]
107 [10629]
106 [6406]
104 [10613 9680]
102 [0962 7119]
102 [6437]
