323 [5997]
263 [9608]
261 [4602]
252 [12123]
246 [9048]
230 [0574]
226 [3408]
213 [5921]
191 [11242]
174 [8399 8693]
164 [7487 8693]
153 [0561]
148 [11726]
146 [9665]
144 [10457]
144 [2215]
140 [6875]
140 [9047]
137 [0944]
133 [11602 8693]
132 [1231]
126 [9131]
125 [11899]
124 [8859]
119 [4003]
113 [6756]
109 [0086 3868]
103 [2474]
102 [5847]
102 [9213]
100 [2894]
98 [2032]
95 [5722]
95 [9061]
92 [9555]
90 [4321]
90 [8935]
88 [6185 8432]
86 [0294]
86 [12040]
85 [2245]
84 [5292]
83 [0834]
82 [5259]
82 [5343]
82 [8374]
82 [9775]
81 [3319]
80 [10101]
79 [2613 8693]
79 [6185 8424]
76 [9547]
75 [3860]
