498 [10929]
430 [5343 9232]
351 [5847]
327 [9665]
300 [11599]
290 [3728]
280 [0447]
266 [3408]
257 [2612 6681]
234 [0834]
218 [5266]
215 [0574]
213 [3890]
212 [12123]
196 [10464]
194 [2241]
188 [7781]
187 [2613]
184 [9902]
182 [10841]
179 [1732]
176 [10457]
167 [9131]
162 [3082]
158 [0561]
158 [5921 7047]
155 [6759]
150 [0944 9232]
148 [11024]
148 [11119]
148 [4055]
145 [5494]
143 [6590]
141 [3187 9232]
141 [9425]
140 [10458]
140 [5445]
132 [10894]
132 [5122]
131 [11899 9608]
131 [1903]
131 [4422]
127 [3561]
127 [5472]
126 [0513]
126 [1896]
121 [7072 7088]
121 [8697]
115 [8399]
113 [9775]
110 [11085]
109 [11899 9767]
109 [8374]
108 [8783]
106 [10742 9232]
106 [5259]
102 [0154]
102 [6756 9232]
101 [5310]
100 [0944 2612]
99 [0944 11899]
99 [0944 6756]
99 [10417 2612]
99 [2612 8693]
99 [4287]
98 [11899 2612]
98 [6105]
96 [0944 5343]
94 [11899 7649]
93 [0944 10742]
93 [11899 6681]
93 [9756]
92 [0511]
92 [3727]
