0.603882 [0944 11899]
0.603882 [2612 8693]
0.603882 [5343 9232]
0.603882 [2241]
0.603882 [7047]
0.603882 [9232]
0.603882 [3187]
0.603882 [3890]
0.603882 [9767]
0.603882 [10464]
0.603882 [5921 7047]
0.603882 [6759]
0.603882 [0944 9232]
0.603882 [4055]
0.603882 [5494]
0.603882 [3187 9232]
0.603882 [7072]
0.603882 [10458]
0.603882 [5445]
0.603882 [7088]
0.603882 [10894]
0.603882 [11899 9608]
0.603882 [1903]
0.603882 [4422]
0.603882 [3561]
0.603882 [5472]
0.603882 [0513]
0.603882 [1896]
0.603882 [7072 7088]
0.603882 [8697]
0.603882 [7649]
0.603882 [11085]
0.603882 [11899 9767]
0.603882 [8783]
0.603882 [10742 9232]
0.603882 [0154]
0.603882 [6756 9232]
0.603882 [5310]
0.603882 [0944 2612]
0.603882 [11899 2612]
0.603882 [6105]
0.603882 [0944 5343]
0.603882 [11899 7649]
0.603882 [11899 6681]
0.603882 [9756]
0.603882 [0511]
0.603882 [3727]
0.603882 [11599]
0.603882 [3728]
0.603882 [5266]
0.486099 [11899]
0.462532 [10929]
0.419021 [5343]
0.300302 [0834]
0.24169 [5921]
0.234747 [9665]
0.217911 [9902]
0.202805 [9608]
0.17888 [11119]
0.174779 [10841]
0.125317 [0944]
0.0417037 [9131]
0.0380152 [9775]
0.0308796 [5259]
0.0270055 [6681]
0.0215944 [2612 6681]
0.00628844 [0944 6756]
0.00604545 [10457]
0.00416318 [3082]
-0.0180291 [0944 10742]
-0.0259567 [5847]
-0.0298341 [3408]
-0.0527223 [7781]
-0.0669742 [0447]
-0.070348 [4287]
-0.118106 [2612]
-0.15156 [6756]
-0.179416 [12123]
-0.185104 [0574]
-0.1983 [8374]
-0.208759 [10417]
-0.243191 [10417 2612]
-0.344122 [8693]
-0.35314 [0561]
-0.362829 [6590]
-0.551592 [1732]
-0.561982 [8399]
-0.569001 [5122]
-0.702243 [9425]
-0.787958 [10742]
-0.900712 [11024]
-1.37486 [2613]
