0.676029 [10164]
0.676029 [7538]
0.676029 [10958]
0.676029 [4813]
0.676029 [10620 11663]
0.676029 [3134]
0.676029 [6265]
0.676029 [8840]
0.676029 [7308 7538]
0.676029 [11663]
0.676029 [11024 8840]
0.676029 [2031]
0.676029 [2613 7538]
0.676029 [11242 2719]
0.676029 [2613 7308 7538]
0.676029 [11663 6265]
0.676029 [2380]
0.676029 [10620 6265]
0.676029 [5291]
0.676029 [10620 11663 6265]
0.676029 [2075]
0.676029 [9546]
0.676029 [4356]
0.676029 [5453]
0.676029 [6468]
0.676029 [0669]
0.676029 [8043]
0.676029 [10842]
0.676029 [2087]
0.676029 [12056]
0.676029 [9669]
0.676029 [2613 7308]
0.532851 [7308]
0.525682 [11024]
0.459793 [2719]
0.396557 [10620]
0.217138 [11242]
0.213263 [0561]
0.155692 [0584]
0.140726 [10101]
0.0958895 [6590]
0.0271146 [5722]
0.0125912 [7474]
0.0122842 [0361]
-0.0250952 [0108]
-0.0505415 [5259]
-0.075396 [10874]
-0.0936587 [9213]
-0.0970793 [8053]
-0.101923 [10130]
-0.118527 [8859]
-0.128319 [3967]
-0.251636 [10841]
-0.258995 [11119]
-0.286314 [2613]
-0.295806 [3319]
-0.2982 [8424]
-0.333547 [9902]
-0.405181 [7696]
-0.453166 [9654]
-0.467811 [9608]
-0.494615 [2899]
-0.515017 [7867]
-0.532389 [0944]
-0.57487 [3408]
-0.601219 [0574]
-0.63648 [11602]
-0.657447 [6756]
-0.820072 [3993]
-0.92002 [5997]
-1.04497 [1809]
-1.61649 [11899]
-1.71234 [8693]
-1.71369 [10742]
