0.710564 [8432]
0.710564 [3868]
0.710564 [8399 8693]
0.710564 [4003]
0.710564 [2474]
0.710564 [9555]
0.710564 [8935]
0.710564 [2245]
0.710564 [2613 8693]
0.710564 [6185 8424]
0.710564 [9547]
0.710564 [6185]
0.710564 [7487]
0.710564 [7487 8693]
0.710564 [9047]
0.710564 [0086]
0.710564 [11602 8693]
0.710564 [1231]
0.710564 [0086 3868]
0.710564 [2894]
0.710564 [2032]
0.710564 [9061]
0.710564 [6185 8432]
0.710564 [0294]
0.710564 [12040]
0.710564 [5292]
0.710564 [3860]
0.300808 [8693]
0.236579 [8424]
0.180581 [12123]
0.152426 [8399]
0.0991145 [11726]
0.0885127 [9213]
0.0876332 [9048]
-0.0074717 [10457]
-0.0190984 [3408]
-0.0217653 [8859]
-0.028864 [5722]
-0.0386867 [5259]
-0.0417373 [0574]
-0.0528547 [9131]
-0.0699551 [4602]
-0.0752443 [9775]
-0.120776 [4321]
-0.1701 [10101]
-0.177934 [6875]
-0.194049 [11602]
-0.209187 [2215]
-0.27893 [8374]
-0.282446 [0561]
-0.289066 [11242]
-0.316409 [9608]
-0.384453 [9665]
-0.40018 [5921]
-0.549025 [0834]
-0.639719 [3319]
-0.738882 [5847]
-0.766384 [5997]
-0.943385 [2613]
-1.22665 [6756]
-1.26626 [0944]
-1.40619 [11899]
-1.66396 [5343]
