0.556338 [6091]
0.556338 [3704]
0.556338 [1735]
0.556338 [11708]
0.556338 [9741]
0.556338 [6829]
0.556338 [6376]
0.556338 [10613]
0.556338 [5997 9031]
0.556338 [1727]
0.556338 [9013]
0.556338 [3027]
0.556338 [4827]
0.556338 [9804]
0.556338 [2865]
0.556338 [11142]
0.556338 [8957]
0.556338 [1995]
0.556338 [9352]
0.556338 [4063]
0.556338 [8396]
0.556338 [9645]
0.556338 [9680]
0.556338 [11602 5997]
0.556338 [0165]
0.556338 [1804]
0.556338 [8268]
0.556338 [3580]
0.556338 [5997 6756]
0.556338 [6089]
0.556338 [9479]
0.556338 [10629]
0.556338 [6406]
0.556338 [10613 9680]
0.556338 [0962 7119]
0.556338 [6437]
0.556338 [2917]
0.556338 [8885]
0.556338 [0962]
0.556338 [5787]
0.556338 [8766]
0.556338 [6153]
0.556338 [9031]
0.556338 [1946]
0.556338 [0944 5997]
0.556338 [7772]
0.556338 [1212]
0.556338 [7122]
0.556338 [11602 6756]
0.556338 [3993 9654]
0.556338 [5416]
0.405109 [1809]
0.358465 [3993]
0.335341 [5997]
0.328882 [5122]
0.322439 [1732]
0.247433 [9654]
0.149653 [8374]
0.131455 [2215]
0.130948 [6938]
0.123347 [11602]
0.11886 [6756]
0.0887249 [3967]
0.0812794 [4321]
0.072 [10130]
0.0688511 [8053]
0.0565104 [0447]
0.054442 [10874]
0.0521307 [6875]
0.0490628 [4602]
0.0450595 [7781]
0.0158973 [8859]
0.0156234 [0574]
-0.00567745 [0944 6756]
-0.00956803 [0361]
-0.00980984 [7474]
-0.0240167 [4269]
-0.0353926 [9775]
-0.0545535 [7119]
-0.0807044 [6590]
-0.108033 [10457]
-0.127625 [0944]
-0.139022 [0584]
-0.232163 [11242]
-0.298474 [3408]
-0.559959 [3319]
-0.597351 [2719]
-0.598851 [0561]
-0.750317 [10929]
-0.781349 [7308]
-0.808027 [11024]
-1.24317 [2612]
