0.605786 [3148]
0.605786 [6322]
0.605786 [0942]
0.605786 [2280]
0.605786 [0718]
0.605786 [0618]
0.605786 [10742 6322]
0.605786 [0718 9425]
0.605786 [3600]
0.605786 [2612 6322]
0.605786 [10742 3148]
0.605786 [0942 2612]
0.605786 [6523]
0.605786 [2613 3148]
0.605786 [8360]
0.605786 [3822]
0.605786 [6681 9425]
0.605786 [0718 6681]
0.605786 [2613 6322]
0.605786 [6302]
0.605786 [0190]
0.605786 [2613 9048]
0.605786 [4040]
0.605786 [10395]
0.605786 [4806]
0.605786 [8317]
0.605786 [7823]
0.605786 [2103 2280]
0.605786 [2612 3148]
0.605786 [0718 6681 9425]
0.605786 [10742 3822]
0.605786 [11076]
0.605786 [5163]
0.605786 [2612 2613]
0.605786 [9719]
0.605786 [7673]
0.605786 [5441]
0.605786 [10742 2613]
0.605786 [10742 2612]
0.605786 [0288]
0.605786 [11170]
0.605786 [2103]
0.605786 [9765]
0.605786 [6743]
0.605786 [8510]
0.605786 [2070]
0.605786 [10742 5847]
0.605786 [10742 5343]
0.436606 [10742]
0.409843 [9425]
0.297838 [7867]
0.289926 [2899]
0.252433 [7696]
0.199439 [3319]
0.196189 [10417 2612]
0.194417 [2613]
0.173261 [10417]
0.106027 [2612]
0.0659816 [4287]
0.0577021 [7119]
0.0262035 [4269]
0.0254017 [5847]
0.0211367 [0108]
0.0177813 [0944 10742]
0.0156294 [3408]
-0.00419764 [3082]
-0.0177737 [0574]
-0.0221618 [2612 6681]
-0.0278696 [6681]
-0.0617379 [6875]
-0.0793293 [9048]
-0.090757 [11726]
-0.147465 [8399]
-0.17023 [6938]
-0.233211 [10457]
-0.299236 [0447]
-0.316991 [7781]
-0.31919 [2215]
-0.398749 [0361]
-0.543881 [10620]
-0.604327 [0561]
-0.66718 [12123]
-0.739381 [5343]
-0.750922 [0944]
-1.08788 [11602]
-1.23289 [6756]
-1.35861 [7308]
