1769 [10742]
1625 [2612]
1289 [2613]
636 [3148]
593 [6681]
524 [6322]
440 [7119]
430 [10742 2613]
427 [9425]
368 [5847]
325 [0361]
300 [2899]
293 [0942]
288 [0944]
287 [0574]
285 [2280]
281 [3408]
273 [0718]
273 [5343]
262 [7696]
257 [3319]
251 [10417]
250 [9048]
245 [2612 6681]
242 [0618]
238 [7867]
226 [8399]
222 [10742 2612]
219 [10742 6322]
215 [0288]
211 [0718 9425]
211 [3600]
210 [11170]
201 [11602]
201 [6875]
190 [0447]
175 [2612 6322]
171 [10742 3148]
160 [3082]
157 [0942 2612]
155 [6523]
153 [10417 2612]
149 [2613 3148]
147 [11726]
142 [2215]
142 [8360]
139 [3822]
133 [2103]
133 [9765]
132 [6681 9425]
128 [0718 6681]
126 [6756]
125 [2613 6322]
125 [4269]
125 [6938]
121 [7781]
119 [6302]
118 [0190]
118 [2613 9048]
118 [4040]
117 [10395]
115 [10457]
113 [0108]
113 [4287]
113 [4806]
109 [8317]
108 [0561]
108 [7823]
107 [2103 2280]
107 [2612 3148]
106 [0718 6681 9425]
106 [10620]
105 [10742 3822]
102 [11076]
101 [5163]
100 [2612 2613]
99 [6743]
99 [8510]
98 [12123]
96 [0944 10742]
96 [2070]
95 [10742 5847]
94 [10742 5343]
93 [9719]
92 [7673]
90 [5441]
90 [7308]
