687 [2613]
562 [7308]
552 [0361]
529 [11024]
359 [7538]
348 [0944]
328 [11242]
318 [11602]
295 [6265]
274 [5997]
261 [8840]
260 [0561]
255 [2719]
245 [7308 7538]
239 [6590]
234 [10620]
230 [6756]
217 [9608]
215 [11663]
180 [10958]
173 [11024 8840]
168 [2613 7308]
162 [2031]
161 [10742]
149 [4813]
144 [10620 11663]
144 [3134]
136 [10874]
135 [3319]
130 [2613 7538]
128 [11242 2719]
125 [2613 7308 7538]
124 [8053]
123 [11663 6265]
122 [2380]
120 [0584]
118 [1809]
118 [2899]
117 [10620 6265]
117 [5291]
117 [7696]
115 [10620 11663 6265]
115 [8693]
114 [2075]
114 [8424]
113 [10101]
113 [9546]
111 [3967]
111 [4356]
109 [8859]
104 [0574]
104 [5722]
104 [7474]
102 [10841]
102 [5453]
101 [10130]
101 [11899]
99 [3408]
95 [6468]
93 [0108]
92 [0669]
91 [7867]
91 [9654]
91 [9902]
89 [8043]
88 [9213]
87 [10164]
85 [10842]
85 [2087]
83 [5259]
82 [11119]
80 [12056]
78 [3993]
78 [9669]
